X,Y,Tangent X,Tangent Y,Fixed Theta,Name
3.635336198117189,-7.993976502148587,5.2395240815718225,1.6151916341687569,true,
12.459797809185524,-7.442447651456817,2.8218334557790072,-2.7406674600069083,false,
14.31135895079361,-10.278881740728782,-0.5990976016353908,-1.3679580666271964,false,
12.459797809185524,-11.736493703271318,-1.1387950226349208,0.11196222176717215,false,
10.88400109292332,-10.160696987009116,0.31515934325243933,2.0485357311408645,true,
12.459797809185524,-8.269740927494473,1.987356415516808,1.5553681494810605,false,
17.81750664447701,-7.600027323083037,2.775674554837066,0.744491932357954,false,
20.890310241188306,-6.496969621699495,1.3186562276298075,1.3988487076983447,false,
21.835788270945628,-3.463560942894756,-0.7249194008274753,0.8495136935318321,false,
18.68419483842122,-3.975694875679971,-2.9405788329508287,-1.2238356621575341,false,
21.638813681412852,-10.436461412355,3.185240608725209,-1.6453219326780126,false,
26.996522516704342,-10.633436001887777,0.7091085223179867,1.9303509774211989,true,
25.893464815320794,-7.6394222409895916,-2.3243001564867427,0.15757967162621966,true,
18.881169427953996,-7.363657815643706,-4.2861557626959,0.599561061841702,false,
13.011326659877295,-6.024230606820835,-4.7610573461701815,0.6294384486142608,false,
4.541419309967956,-6.024230606820835,-1.6545865520753127,-0.23636950743933038,true,
